1 1 1 2018 11.00
2 1 1 2018 -1.10
3 1 1 2018 298.90
4 1 1 2018 -2.20
5 1 1 2018 305.50
6 1 1 2018 1.10
7 1 1 2018 297.80
8 1 1 2018 0.00
9 1 1 2018 0.00
1 2 1 2018 4.40
2 2 1 2018 2.20
3 2 1 2018 305.50
4 2 1 2018 0.00
5 2 1 2018 311.00
6 2 1 2018 -2.20
7 2 1 2018 311.00
8 2 1 2018 6.60
9 2 1 2018 0.00
1 3 1 2018 0.00
2 3 1 2018 -2.20
3 3 1 2018 300.00
4 3 1 2018 7.70
5 3 1 2018 306.60
6 3 1 2018 0.00
7 3 1 2018 311.00
8 3 1 2018 4.40
9 3 1 2018 1.10
1 4 1 2018 -2.20
2 4 1 2018 3.30
3 4 1 2018 304.40
4 4 1 2018 8.80
5 4 1 2018 305.50
6 4 1 2018 5.50
7 4 1 2018 301.10
8 4 1 2018 -1.10
9 4 1 2018 8.80
1 5 1 2018 9.90
2 5 1 2018 7.70
3 5 1 2018 308.80
4 5 1 2018 4.40
5 5 1 2018 309.90
6 5 1 2018 3.30
7 5 1 2018 302.20
8 5 1 2018 9.90
9 5 1 2018 4.40
1 6 1 2018 0.00
2 6 1 2018 -2.20
3 6 1 2018 308.80
4 6 1 2018 7.70
5 6 1 2018 307.70
6 6 1 2018 4.40
7 6 1 2018 301.10
8 6 1 2018 4.40
9 6 1 2018 11.00
1 7 1 2018 0.00
2 7 1 2018 1.10
3 7 1 2018 307.70
4 7 1 2018 4.40
5 7 1 2018 300.00
6 7 1 2018 8.80
7 7 1 2018 297.80
8 7 1 2018 -2.20
9 7 1 2018 11.00
1 8 1 2018 8.80
2 8 1 2018 9.90
3 8 1 2018 306.60
4 8 1 2018 2.20
5 8 1 2018 308.80
6 8 1 2018 1.10
7 8 1 2018 303.30
8 8 1 2018 2.20
9 8 1 2018 6.60
1 9 1 2018 4.40
2 9 1 2018 1.10
3 9 1 2018 307.70
4 9 1 2018 4.40
5 9 1 2018 301.10
6 9 1 2018 -1.10
7 9 1 2018 304.40
8 9 1 2018 -2.20
9 9 1 2018 7.70
1 10 1 2018 11.00
2 10 1 2018 9.90
3 10 1 2018 298.90
4 10 1 2018 5.50
5 10 1 2018 305.50
6 10 1 2018 2.20
7 10 1 2018 302.20
8 10 1 2018 3.30
9 10 1 2018 7.70
1 11 1 2018 8.80
2 11 1 2018 0.00
3 11 1 2018 300.00
4 11 1 2018 3.30
5 11 1 2018 301.10
6 11 1 2018 -1.10
7 11 1 2018 302.20
8 11 1 2018 -1.10
9 11 1 2018 -2.20
1 12 1 2018 2.20
2 12 1 2018 9.90
3 12 1 2018 308.80
4 12 1 2018 2.20
5 12 1 2018 303.30
6 12 1 2018 9.90
7 12 1 2018 300.00
8 12 1 2018 6.60
9 12 1 2018 8.80
1 13 1 2018 5.50
2 13 1 2018 5.50
3 13 1 2018 309.90
4 13 1 2018 11.00
5 13 1 2018 311.00
6 13 1 2018 6.60
7 13 1 2018 305.50
8 13 1 2018 7.70
9 13 1 2018 0.00
1 14 1 2018 -1.10
2 14 1 2018 8.80
3 14 1 2018 303.30
4 14 1 2018 9.90
5 14 1 2018 303.30
6 14 1 2018 -2.20
7 14 1 2018 306.60
8 14 1 2018 7.70
9 14 1 2018 6.60
1 15 1 2018 -2.20
2 15 1 2018 11.00
3 15 1 2018 311.00
4 15 1 2018 1.10
5 15 1 2018 307.70
6 15 1 2018 3.30
7 15 1 2018 305.50
8 15 1 2018 4.40
9 15 1 2018 -1.10
1 16 1 2018 1.10
2 16 1 2018 5.50
3 16 1 2018 305.50
4 16 1 2018 2.20
5 16 1 2018 303.30
6 16 1 2018 5.50
7 16 1 2018 307.70
8 16 1 2018 11.00
9 16 1 2018 8.80
1 17 1 2018 5.50
2 17 1 2018 7.70
3 17 1 2018 298.90
4 17 1 2018 3.30
5 17 1 2018 308.80
6 17 1 2018 2.20
7 17 1 2018 298.90
8 17 1 2018 11.00
9 17 1 2018 7.70
1 18 1 2018 5.50
2 18 1 2018 -2.20
3 18 1 2018 297.80
4 18 1 2018 1.10
5 18 1 2018 301.10
6 18 1 2018 11.00
7 18 1 2018 301.10
8 18 1 2018 3.30
9 18 1 2018 -1.10
1 19 1 2018 0.00
2 19 1 2018 3.30
3 19 1 2018 307.70
4 19 1 2018 -2.20
5 19 1 2018 308.80
6 19 1 2018 9.90
7 19 1 2018 307.70
8 19 1 2018 5.50
9 19 1 2018 5.50
1 20 1 2018 4.40
2 20 1 2018 9.90
3 20 1 2018 300.00
4 20 1 2018 1.10
5 20 1 2018 303.30
6 20 1 2018 4.40
7 20 1 2018 303.30
8 20 1 2018 2.20
9 20 1 2018 8.80
1 21 1 2018 11.00
2 21 1 2018 0.00
3 27 1 2018 305.50
4 27 1 2018 9.90
5 27 1 2018 311.00
6 27 1 2018 7.70
7 27 1 2018 307.70
8 27 1 2018 2.20
9 27 1 2018 -1.10
1 28 1 2018 0.00
2 28 1 2018 6.60
3 28 1 2018 298.90
4 28 1 2018 9.90
5 28 1 2018 298.90
6 28 1 2018 1.10
7 28 1 2018 309.90
8 28 1 2018 8.80
9 28 1 2018 8.80
1 29 1 2018 6.60
2 29 1 2018 5.50
3 29 1 2018 308.80
4 29 1 2018 3.30
5 29 1 2018 307.70
6 29 1 2018 5.50
7 29 1 2018 309.90
8 29 1 2018 -1.10
9 29 1 2018 6.60
1 30 1 2018 7.70
2 30 1 2018 -2.20
3 30 1 2018 301.10
4 30 1 2018 2.20
5 30 1 2018 309.90
6 30 1 2018 8.80
7 30 1 2018 308.80
8 30 1 2018 5.50
9 30 1 2018 0.00
1 1 2 2018 7.70
2 1 2 2018 -1.10
3 1 2 2018 304.40
4 1 2 2018 3.30
5 1 2 2018 303.30
6 1 2 2018 -2.20
7 1 2 2018 308.80
8 1 2 2018 7.70
9 1 2 2018 11.00
1 2 2 2018 2.20
2 2 2 2018 2.20
3 2 2 2018 307.70
4 2 2 2018 3.30
5 2 2 2018 305.50
6 2 2 2018 -1.10
7 2 2 2018 305.50
8 2 2 2018 7.70
9 2 2 2018 4.40
1 3 2 2018 6.60
2 3 2 2018 9.90
3 2 2 2018 307.70
4 2 2 2018 3.30
5 2 2 2018 305.50
6 2 2 2018 -1.10
7 2 2 2018 305.50
8 2 2 2018 7.70
9 2 2 2018 4.40
1 3 2 2018 6.60
2 3 2 2018 9.90
3 21 1 2018 300.00
4 21 1 2018 2.20
5 21 1 2018 308.80
6 21 1 2018 7.70
7 21 1 2018 308.80
8 21 1 2018 0.00
9 21 1 2018 3.30
1 22 1 2018 5.50
2 22 1 2018 9.90
3 22 1 2018 302.20
4 22 1 2018 8.80
5 22 1 2018 298.90
6 22 1 2018 8.80
7 22 1 2018 304.40
8 22 1 2018 1.10
9 22 1 2018 5.50
1 23 1 2018 0.00
2 23 1 2018 3.30
3 23 1 2018 297.80
4 23 1 2018 1.10
5 23 1 2018 306.60
6 23 1 2018 8.80
7 23 1 2018 297.80
8 23 1 2018 8.80
9 23 1 2018 5.50
1 24 1 2018 2.20
2 24 1 2018 0.00
3 24 1 2018 306.60
4 24 1 2018 9.90
5 24 1 2018 308.80
6 24 1 2018 0.00
7 24 1 2018 306.60
8 24 1 2018 6.60
9 24 1 2018 1.10
1 25 1 2018 3.30
2 25 1 2018 8.80
3 25 1 2018 301.10
4 25 1 2018 0.00
5 25 1 2018 297.80
6 25 1 2018 2.20
7 25 1 2018 302.20
8 25 1 2018 -2.20
9 25 1 2018 6.60
1 26 1 2018 6.60
2 26 1 2018 -2.20
3 26 1 2018 307.70
4 26 1 2018 0.00
5 26 1 2018 305.50
6 26 1 2018 4.40
7 26 1 2018 306.60
8 26 1 2018 7.70
9 26 1 2018 -1.10
1 27 1 2018 0.00
2 27 1 2018 5.50
3 27 1 2018 305.50
4 27 1 2018 9.90
5 27 1 2018 311.00
6 27 1 2018 7.70
7 27 1 2018 307.70
8 27 1 2018 2.20
9 27 1 2018 -1.10
1 28 1 2018 0.00
2 28 1 2018 6.60
3 28 1 2018 298.90
4 28 1 2018 9.90
5 28 1 2018 298.90
6 28 1 2018 1.10
7 28 1 2018 309.90
8 28 1 2018 8.80
9 28 1 2018 8.80
1 29 1 2018 6.60
2 29 1 2018 5.50
3 29 1 2018 308.80
4 29 1 2018 3.30
5 29 1 2018 307.70
6 29 1 2018 5.50
7 29 1 2018 309.90
8 29 1 2018 -1.10
9 29 1 2018 6.60
1 30 1 2018 7.70
2 30 1 2018 -2.20
3 30 1 2018 301.10
4 30 1 2018 2.20
5 30 1 2018 309.90
6 30 1 2018 8.80
7 30 1 2018 308.80
8 30 1 2018 5.50
9 30 1 2018 0.00
1 1 2 2018 7.70
2 1 2 2018 -1.10
3 1 2 2018 304.40
4 1 2 2018 3.30
5 1 2 2018 303.30
6 1 2 2018 -2.20
7 1 2 2018 308.80
8 1 2 2018 7.70
9 1 2 2018 11.00
1 2 2 2018 2.20
2 2 2 2018 2.20
3 2 2 2018 307.70
4 2 2 2018 3.30
5 2 2 2018 305.50
6 2 2 2018 -1.10
7 2 2 2018 305.50
8 2 2 2018 7.70
9 2 2 2018 4.40
1 3 2 2018 6.60
2 3 2 2018 9.90
3 2 2 2018 307.70
4 2 2 2018 3.30
5 2 2 2018 305.50
6 2 2 2018 -1.10
7 2 2 2018 305.50
8 2 2 2018 7.70
9 2 2 2018 4.40
1 3 2 2018 6.60
2 3 2 2018 9.90
3 3 2 2018 304.40
4 3 2 2018 3.30
5 3 2 2018 297.80
1 8 1 2019 -1.10
2 8 1 2019 7.70
3 8 1 2019 298.90
4 8 1 2019 3.30
5 8 1 2019 303.30
6 8 1 2019 7.70
7 8 1 2019 305.50
8 8 1 2019 3.30
9 8 1 2019 5.50
1 9 1 2019 1.10
2 9 1 2019 7.70
3 9 1 2019 305.50
5 8 1 2019 303.30
6 8 1 2019 7.70
7 8 1 2019 305.50
8 8 1 2019 3.30
9 8 1 2019 5.50
1 9 1 2019 1.10
4 9 1 2019 2.20
5 9 1 2019 297.80
6 9 1 2019 3.30
7 9 1 2019 307.70
8 9 1 2019 -1.10
9 9 1 2019 3.30
1 10 1 2019 -1.10
2 10 1 2019 -2.20
3 10 1 2019 298.90
4 10 1 2019 5.50
5 10 1 2019 303.30
6 10 1 2019 3.30
7 10 1 2019 298.90
8 10 1 2019 -2.20
9 10 1 2019 7.70
1 11 1 2019 11.00
2 11 1 2019 8.80
3 11 1 2019 297.80
4 11 1 2019 8.80
5 11 1 2019 297.80
6 11 1 2019 2.20
7 11 1 2019 300.00
8 11 1 2019 5.50
9 11 1 2019 1.10
1 12 1 2019 -1.10
8 10 1 2019 -2.20
9 10 1 2019 7.70
1 11 1 2019 11.00
2 11 1 2019 8.80
3 11 1 2019 297.80
4 11 1 2019 8.80
5 11 1 2019 297.80
2 12 1 2019 8.80
3 12 1 2019 311.00
4 12 1 2019 6.60
5 12 1 2019 297.80
6 12 1 2019 8.80
7 9 3 2019 319.80
8 9 3 2019 26.40
9 9 3 2019 18.70
1 10 3 2019 16.50
2 10 3 2019 27.50
3 10 3 2019 327.50
4 10 3 2019 26.40
5 10 3 2019 315.40
6 10 3 2019 13.20
7 10 3 2019 324.20
8 10 3 2019 20.90
9 10 3 2019 27.50
3 1 6 2019 345.10
4 1 6 2019 35.20
5 1 6 2019 346.20
6 1 6 2019 39.60
7 1 6 2019 341.80
8 1 6 2019 34.10
9 1 6 2019 33.00
1 2 6 2019 40.70
2 2 6 2019 44.00
3 2 6 2019 336.30
4 2 6 2019 45.10
5 2 6 2019 342.90
6 2 6 2019 35.20
7 2 6 2019 337.40
8 2 6 2019 46.20
9 2 6 2019 44.00
1 3 6 2019 38.50
2 4 6 2019 39.60
3 4 6 2019 334.10
4 4 6 2019 33.00
5 4 6 2019 338.50
6 4 6 2019 33.00
7 4 6 2019 333.00
8 4 6 2019 37.40
9 4 6 2019 45.10
1 5 6 2019 33.00
2 5 6 2019 44.00
3 5 6 2019 334.10
4 5 6 2019 46.20
5 5 6 2019 345.10
6 5 6 2019 37.40
7 5 6 2019 340.70
8 5 6 2019 44.00
9 5 6 2019 39.60
1 6 6 2019 44.00
2 6 6 2019 40.70
3 6 6 2019 345.10
4 6 6 2019 42.90
1 11 3 2019 20.90
2 11 3 2019 16.50
3 11 3 2019 313.20
4 11 3 2019 24.20
5 11 3 2019 322.00
6 11 3 2019 25.30
7 11 3 2019 314.30
8 11 3 2019 14.30
9 11 3 2019 15.40
1 12 3 2019 14.30
2 12 3 2019 22.00
3 12 3 2019 322.00
4 12 3 2019 24.20
5 12 3 2019 320.90
6 12 3 2019 25.30
7 12 3 2019 322.00
8 12 3 2019 17.60
1 1 6 2019 38.50
2 1 6 2019 46.20
3 1 6 2019 345.10
4 1 6 2019 35.20
5 1 6 2019 346.20
6 1 6 2019 39.60
7 1 6 2019 341.80
8 1 6 2019 34.10
9 1 6 2019 33.00
1 2 6 2019 40.70
2 2 6 2019 44.00
3 2 6 2019 336.30
4 2 6 2019 45.10
5 2 6 2019 342.90
6 2 6 2019 35.20
7 2 6 2019 337.40
8 2 6 2019 46.20
9 2 6 2019 44.00
1 3 6 2019 38.50
2 4 6 2019 39.60
3 4 6 2019 334.10
4 4 6 2019 33.00
5 4 6 2019 338.50
6 4 6 2019 33.00
7 4 6 2019 333.00
8 4 6 2019 37.40
9 4 6 2019 45.10
1 5 6 2019 33.00
2 5 6 2019 44.00
3 5 6 2019 334.10
4 5 6 2019 46.20
5 5 6 2019 345.10
6 5 6 2019 37.40
7 5 6 2019 340.70
8 5 6 2019 44.00
9 5 6 2019 39.60
1 6 6 2019 44.00
2 6 6 2019 40.70
3 6 6 2019 345.10
4 6 6 2019 42.90
5 6 6 2019 334.10
6 6 6 2019 42.90
7 6 6 2019 344.00
8 6 6 2019 40.70
9 6 6 2019 45.10
1 7 6 2019 36.30
2 7 6 2019 35.20
3 7 6 2019 341.80
4 7 6 2019 36.30
5 7 6 2019 337.40
6 7 6 2019 39.60
7 7 6 2019 335.20
8 7 6 2019 39.60
9 7 6 2019 44.00
1 8 6 2019 39.60
2 8 6 2019 37.40
3 8 6 2019 341.80
4 8 6 2019 45.10
5 8 6 2019 333.00
6 8 6 2019 38.50
7 8 6 2019 336.30
8 8 6 2019 45.10
9 8 6 2019 35.20
1 9 6 2019 35.20
8 7 9 2019 46.20
9 7 9 2019 34.10
1 8 9 2019 35.20
2 8 9 2019 40.70
3 8 9 2019 338.50
4 8 9 2019 42.90
5 8 9 2019 344.00
6 8 9 2019 45.10
7 8 9 2019 341.80
8 8 9 2019 39.60
9 8 9 2019 41.80
1 9 9 2019 46.20
2 9 9 2019 42.90
3 9 9 2019 342.90
4 9 9 2019 39.60
5 9 9 2019 344.00
6 9 9 2019 41.80
9 8 9 2019 41.80
1 9 9 2019 46.20
2 9 9 2019 42.90
3 9 9 2019 342.90
4 9 9 2019 39.60
5 9 9 2019 344.00
6 9 9 2019 41.80
7 9 9 2019 333.00
8 9 9 2019 40.70
9 9 9 2019 41.80
1 10 9 2019 45.10
2 10 9 2019 41.80
3 10 9 2019 340.70
4 10 9 2019 34.10
5 10 9 2019 346.20
6 10 9 2019 36.30
7 10 9 2019 335.20
8 10 9 2019 38.50
1 1 10 2019 45.10
2 1 10 2019 40.70
3 1 10 2019 338.50
4 1 10 2019 34.10
5 1 10 2019 340.70
6 1 10 2019 44.00
7 1 10 2019 344.00
8 1 10 2019 35.20
9 1 10 2019 40.70
1 2 10 2019 33.00
2 2 10 2019 41.80
3 2 10 2019 338.50
4 2 10 2019 36.30
5 2 10 2019 338.50
7 9 9 2019 333.00
8 9 9 2019 40.70
9 9 9 2019 41.80
1 10 9 2019 45.10
2 10 9 2019 41.80
3 10 9 2019 340.70
4 10 9 2019 34.10
5 10 9 2019 346.20
6 10 9 2019 36.30
7 10 9 2019 335.20
8 10 9 2019 38.50
1 1 10 2019 45.10
2 1 10 2019 40.70
3 1 10 2019 338.50
4 1 10 2019 34.10
5 1 10 2019 340.70
6 1 10 2019 44.00
7 1 10 2019 344.00
8 1 10 2019 35.20
9 1 10 2019 40.70
1 2 10 2019 33.00
2 2 10 2019 41.80
3 2 10 2019 338.50
4 2 10 2019 36.30
5 2 10 2019 338.50
6 2 10 2019 44.00
7 2 10 2019 333.00
8 2 10 2019 41.80
9 2 10 2019 46.20
1 3 10 2019 42.90
2 3 10 2019 41.80
3 3 10 2019 341.80
4 3 10 2019 38.50
5 3 10 2019 344.00
6 3 10 2019 35.20
7 3 10 2019 339.60
8 3 10 2019 44.00
9 3 10 2019 36.30
1 4 10 2019 44.00
2 4 10 2019 37.40
3 4 10 2019 345.10
5 10 11 2019 323.10
6 10 11 2019 22.00
7 10 11 2019 322.00
8 10 11 2019 25.30
9 10 11 2019 25.30
2 11 11 2019 23.10
3 11 11 2019 322.00
4 9 1 2019 2.20
5 9 1 2019 297.80
6 9 1 2019 3.30
7 9 1 2019 307.70
8 9 1 2019 -1.10
9 9 1 2019 3.30
1 10 1 2019 -1.10
2 10 1 2019 -2.20
3 10 1 2019 298.90
4 10 1 2019 5.50
5 10 1 2019 303.30
6 10 1 2019 3.30
7 10 1 2019 298.90
8 10 1 2019 -2.20
9 10 1 2019 7.70
1 11 1 2019 11.00
2 11 1 2019 8.80
3 11 1 2019 297.80
4 11 1 2019 8.80
5 11 1 2019 297.80
6 11 1 2019 2.20
7 11 1 2019 300.00
8 11 1 2019 5.50
9 11 1 2019 1.10
1 12 1 2019 -1.10
3 10 1 2019 298.90
4 10 1 2019 5.50
5 10 1 2019 303.30
1 11 11 2019 24.20
2 11 11 2019 23.10
3 11 11 2019 322.00
4 9 1 2019 2.20
5 9 1 2019 297.80
6 9 1 2019 3.30
7 9 1 2019 307.70
8 9 1 2019 -1.10
9 9 1 2019 3.30
1 10 1 2019 -1.10
2 10 1 2019 -2.20
3 10 1 2019 298.90
4 10 1 2019 5.50
5 10 1 2019 303.30
6 10 1 2019 3.30
7 10 1 2019 298.90
8 10 1 2019 -2.20
9 10 1 2019 7.70
1 11 1 2019 11.00
2 11 1 2019 8.80
3 11 1 2019 297.80
4 11 1 2019 8.80
5 11 1 2019 297.80
6 11 1 2019 2.20
7 11 1 2019 300.00
8 11 1 2019 5.50
9 11 1 2019 1.10
1 12 1 2019 -1.10
3 10 1 2019 298.90
4 10 1 2019 5.50
5 10 1 2019 303.30
6 10 1 2019 3.30
7 10 1 2019 298.90
8 10 1 2019 -2.20
9 10 1 2019 7.70
2 12 1 2019 8.80
3 12 1 2019 311.00
4 12 1 2019 6.60
5 12 1 2019 297.80
6 12 1 2019 8.80
7 9 3 2019 319.80
4 11 11 2019 15.40
5 11 11 2019 320.90
6 11 11 2019 20.90
7 11 11 2019 326.40
8 11 11 2019 20.90
9 11 11 2019 18.70
1 12 11 2019 22.00
2 12 11 2019 16.50
3 12 11 2019 314.30
4 12 11 2019 16.50
5 12 11 2019 318.70
6 12 11 2019 23.10
7 12 11 2019 326.40
6 7 1 2020 1.10
7 7 1 2020 306.60
8 7 1 2020 0.00
9 7 1 2020 11.00
1 5 2 2020 8.80
2 5 2 2020 3.30
3 5 2 2020 303.30
4 5 2 2020 11.00
5 5 2 2020 297.80
6 5 2 2020 11.00
7 5 2 2020 302.20
8 5 2 2020 -1.10
9 5 2 2020 1.10
1 6 2 2020 4.40
1 7 2 2020 11.00
2 7 2 2020 0.00
3 7 2 2020 302.20
4 7 2 2020 7.70
5 7 2 2020 311.00
6 7 2 2020 9.90
5 8 2 2020 306.60
6 8 2 2020 -1.10
7 8 2 2020 303.30
8 8 2 2020 2.20
9 8 2 2020 0.00
1 9 2 2020 11.00
2 9 2 2020 4.40
3 9 2 2020 307.70
4 9 2 2020 1.10
5 9 2 2020 297.80
1 2 3 2020 17.60
2 2 3 2020 18.70
3 2 3 2020 315.40
4 2 3 2020 15.40
5 2 3 2020 320.90
6 2 3 2020 26.40
7 2 3 2020 322.00
9 4 4 2020 13.20
1 5 4 2020 22.00
2 5 4 2020 23.10
3 5 4 2020 320.90
4 5 4 2020 18.70
5 5 4 2020 316.50
6 5 4 2020 14.30
7 5 4 2020 317.60
8 5 4 2020 23.10
9 5 4 2020 22.00
1 6 4 2020 18.70
2 6 4 2020 26.40
3 6 4 2020 318.70
4 6 4 2020 27.50
5 6 4 2020 315.40
6 6 4 2020 25.30
7 6 4 2020 319.80
8 6 4 2020 15.40
9 6 4 2020 20.90
1 7 4 2020 25.30
2 7 4 2020 25.30
3 7 4 2020 313.20
4 7 4 2020 17.60
5 7 4 2020 317.60
6 7 4 2020 23.10
7 7 4 2020 315.40
8 7 4 2020 27.50
9 7 4 2020 25.30
1 8 4 2020 18.70
2 8 4 2020 22.00
3 8 4 2020 315.40
4 8 4 2020 20.90
5 8 4 2020 322.00
6 8 4 2020 16.50
7 8 4 2020 313.20
8 8 4 2020 25.30
9 8 4 2020 13.20
1 9 4 2020 24.20
2 9 4 2020 13.20
3 9 4 2020 315.40
4 9 4 2020 25.30
5 9 4 2020 319.80
6 9 4 2020 16.50
7 9 4 2020 325.30
8 9 4 2020 25.30
9 9 4 2020 26.40
1 10 4 2020 22.00
2 10 4 2020 14.30
3 10 4 2020 324.20
4 10 4 2020 14.30
5 10 4 2020 319.80
6 10 4 2020 19.80
7 10 4 2020 318.70
7 11 4 2020 326.40
8 11 4 2020 15.40
9 11 4 2020 14.30
1 12 4 2020 17.60
2 12 4 2020 19.80
3 12 4 2020 324.20
4 12 4 2020 13.20
5 12 4 2020 327.50
6 12 4 2020 16.50
7 12 4 2020 327.50
8 12 4 2020 19.80
9 12 4 2020 16.50
1 1 5 2020 23.10
2 1 5 2020 26.40
3 1 5 2020 324.20
4 1 5 2020 13.20
5 1 5 2020 315.40
6 1 5 2020 25.30
7 1 5 2020 313.20
8 1 5 2020 24.20
9 1 5 2020 17.60
1 2 5 2020 13.20
2 2 5 2020 18.70
3 2 5 2020 319.80
4 2 5 2020 14.30
5 2 5 2020 319.80
6 2 5 2020 20.90
7 2 5 2020 327.50
8 2 5 2020 14.30
9 2 5 2020 24.20
1 3 5 2020 26.40
2 3 5 2020 25.30
3 3 5 2020 319.80
4 3 5 2020 20.90
5 3 5 2020 324.20
6 3 5 2020 25.30
7 3 5 2020 319.80
8 3 5 2020 19.80
9 3 5 2020 26.40
1 4 5 2020 18.70
2 4 5 2020 17.60
3 4 5 2020 320.90
4 4 5 2020 13.20
5 4 5 2020 324.20
6 4 5 2020 15.40
7 4 5 2020 320.90
8 4 5 2020 25.30
9 4 5 2020 27.50
1 5 5 2020 23.10
2 5 5 2020 20.90
3 5 5 2020 320.90
4 5 5 2020 16.50
5 5 5 2020 313.20
6 5 5 2020 17.60
7 5 5 2020 318.70
8 5 5 2020 24.20
9 5 5 2020 18.70
1 6 5 2020 18.70
2 6 5 2020 19.80
3 6 5 2020 317.60
4 6 5 2020 18.70
5 6 5 2020 322.00
6 6 5 2020 13.20
7 6 5 2020 317.60
8 6 5 2020 26.40
9 6 5 2020 24.20
1 7 5 2020 13.20
2 7 5 2020 26.40
3 7 5 2020 317.60
4 7 5 2020 20.90
5 7 5 2020 324.20
6 7 5 2020 15.40
7 7 5 2020 315.40
8 7 5 2020 18.70
9 7 5 2020 22.00
1 8 5 2020 15.40
2 8 5 2020 18.70
3 8 5 2020 327.50
4 8 5 2020 16.50
5 8 5 2020 322.00
6 8 5 2020 27.50
7 8 5 2020 316.50
8 8 5 2020 25.30
9 8 5 2020 22.00
1 9 5 2020 15.40
2 9 5 2020 22.00
3 9 5 2020 315.40
4 9 5 2020 24.20
5 9 5 2020 315.40
6 9 5 2020 25.30
7 9 5 2020 320.90
8 9 5 2020 20.90
9 9 5 2020 20.90
1 10 5 2020 25.30
2 10 5 2020 20.90
3 10 5 2020 323.10
4 10 5 2020 18.70
5 10 5 2020 313.20
6 10 5 2020 26.40
7 10 5 2020 314.30
8 10 5 2020 20.90
9 10 5 2020 23.10
1 11 5 2020 16.50
2 11 5 2020 20.90
3 11 5 2020 318.70
4 11 5 2020 13.20
5 11 5 2020 315.40
6 11 5 2020 19.80
7 11 5 2020 325.30
8 11 5 2020 18.70
9 11 5 2020 19.80
1 12 5 2020 19.80
9 12 5 2020 24.20
1 1 6 2020 40.70
2 1 6 2020 36.30
3 1 6 2020 341.80
4 1 6 2020 39.60
5 1 6 2020 341.80
6 1 6 2020 39.60
7 1 6 2020 344.00
5 3 6 2020 344.00
6 3 6 2020 46.20
7 3 6 2020 342.90
8 3 6 2020 33.00
9 3 6 2020 33.00
1 4 6 2020 34.10
2 4 6 2020 33.00
3 4 6 2020 346.20
4 4 6 2020 45.10
5 4 6 2020 345.10
6 4 6 2020 44.00
7 4 6 2020 344.00
8 4 6 2020 33.00
9 4 6 2020 38.50
1 5 6 2020 41.80
2 5 6 2020 37.40
3 5 6 2020 334.10
4 5 6 2020 38.50
5 5 6 2020 340.70
6 5 6 2020 46.20
7 5 6 2020 341.80
8 5 6 2020 39.60
9 5 6 2020 37.40
1 6 6 2020 37.40
2 6 6 2020 45.10
3 6 6 2020 336.30
4 6 6 2020 45.10
5 6 6 2020 338.50
6 6 6 2020 34.10
7 6 6 2020 337.40
8 6 6 2020 38.50
9 6 6 2020 36.30
1 7 6 2020 34.10
2 7 6 2020 38.50
3 7 6 2020 336.30
4 7 6 2020 39.60
5 7 6 2020 341.80
6 7 6 2020 41.80
7 7 6 2020 340.70
8 7 6 2020 36.30
9 7 6 2020 35.20
1 8 6 2020 34.10
2 8 6 2020 41.80
3 8 6 2020 336.30
4 8 6 2020 41.80
5 8 6 2020 341.80
6 8 6 2020 37.40
7 8 6 2020 341.80
8 8 6 2020 42.90
9 8 6 2020 38.50
1 9 6 2020 42.90
2 9 6 2020 34.10
3 9 6 2020 333.00
3 10 6 2020 344.00
4 10 6 2020 35.20
5 10 6 2020 342.90
6 10 6 2020 41.80
7 10 6 2020 337.40
8 10 6 2020 37.40
9 10 6 2020 44.00
1 11 6 2020 39.60
2 11 6 2020 34.10
3 11 6 2020 339.60
4 11 6 2020 44.00
5 11 6 2020 341.80
6 11 6 2020 37.40
7 11 6 2020 337.40
8 11 6 2020 41.80
9 11 6 2020 45.10
1 12 6 2020 46.20
2 12 6 2020 45.10
3 12 6 2020 333.00
4 12 6 2020 46.20
5 12 6 2020 346.20
6 12 6 2020 46.20
7 12 6 2020 346.20
8 12 6 2020 39.60
9 12 6 2020 35.20
1 1 7 2020 38.50
2 1 7 2020 33.00
2 3 7 2020 38.50
3 3 7 2020 346.20
4 3 7 2020 41.80
5 3 7 2020 344.00
6 3 7 2020 41.80
7 3 7 2020 345.10
8 3 7 2020 37.40
9 3 7 2020 45.10
1 4 7 2020 33.00
2 4 7 2020 37.40
3 4 7 2020 342.90
4 4 7 2020 41.80
6 4 7 2020 44.00
8 4 7 2020 35.20
9 4 7 2020 42.90